------------------------
Part A1

The random matrix is A = 
[         5        -18          9        -22         14        -11 ]
[        22          0         -9         -2         12         17 ]
[         1          9        -21         11         -7        -25 ]
[       -11        -25          9         15         -2        -14 ]
[        15         -5        -10         -8         12        -18 ]
[       -19         -5         -9         17         -2        -20 ]
[       -18         -5          7          0         19         -4 ]
[        -8         -5        -20         -1        -17         -2 ]

New orthogonal matrix Q from QR-decomposition: 
[  0.124805  -0.586814  0.0886039  -0.552171  0.0363128  -0.258809 ]
[  0.549143  -0.145084  -0.225373   0.265584   0.354447   0.583649 ]
[  0.024961   0.270326  -0.523475   0.158056   0.133924  -0.501593 ]
[ -0.274571  -0.696682 -0.0120606   0.569372  -0.159435 -0.0373793 ]
[  0.374415  -0.252765  -0.318762 -0.0932637   0.323203  -0.354138 ]
[  -0.47426 -0.0285451  -0.350255    0.18502   0.271716 -0.0514784 ]
[ -0.449299 -0.0351398   0.122269  -0.260697    0.70518   0.215095 ]
[ -0.199688  -0.101087  -0.654177  -0.405602  -0.392587   0.406263 ]

Check that R is upper triangular: 
[   40.0625    8.58659    -5.4415    -18.546    9.01093    16.1248 ]
[         0    32.5003   -11.3622    7.36139   -12.3806    12.4473 ]
[         0          0    33.9896   -10.1877    12.5439    22.0118 ]
[         0          0          0    26.1928   -6.33572   -1.50145 ]
[         0          0          0          0    27.5506   -8.77737 ]
[         0          0          0          0          0    31.5632 ]

Check that Q^T * Q = 1: 
[         1 -2.42861e-17          0 -2.77556e-17 2.77556e-17          0 ]
[-2.42861e-17          1 1.38778e-17 1.45717e-16 1.31839e-16 -4.85723e-17 ]
[         0 1.38778e-17          1          0 5.55112e-17 -1.11022e-16 ]
[-2.77556e-17 1.45717e-16          0          1          0 5.55112e-17 ]
[2.77556e-17 1.31839e-16 5.55112e-17          0          1          0 ]
[         0 -4.85723e-17 -1.11022e-16 5.55112e-17          0          1 ]

Check that QR=A: 
[         5        -18          9        -22         14        -11 ]
[        22          0         -9         -2         12         17 ]
[         1          9        -21         11         -7        -25 ]
[       -11        -25          9         15         -2        -14 ]
[        15         -5        -10         -8         12        -18 ]
[       -19         -5         -9         17         -2        -20 ]
[       -18         -5          7          0         19         -4 ]
[        -8         -5        -20         -1        -17         -2 ]



------------------------
Part A2

The random matrix S = 
[        -9          8          0         -5        -10         13        -12          0 ]
[        -4         -7        -11        -15         -8         -3          5          8 ]
[         0        -12         -5         -1         11          9         14        -15 ]
[        10         14        -13          5        -12          7          1        -14 ]
[         0          8         -4         -3         -1         -8         12         10 ]
[         0          9         10          0         -9         -7        -15         -2 ]
[        -4         -4         12         -8         12          4         14          8 ]
[         3          8        -10         -2          1         -2         -1          8 ]

The random vector b = 
[        -8] 
[         2] 
[        -9] 
[         6] 
[         1] 
[        10] 
[        -7] 
[         9] 

From QR-decomposition, the new orthogonal matrix is: 
[  -0.60404   0.554147  -0.268568   0.303707  0.0144223   0.399449 -0.0108783  -0.061673 ]
[ -0.268462  -0.186563  -0.597887  -0.579825  -0.436232 -0.0878732  -0.017971   0.033373 ]
[         0  -0.492082  -0.224991   0.102141   0.258729   0.334815  0.0473137  -0.717997 ]
[  0.671156   0.322883  -0.230388  -0.148342  -0.153539    0.54305   0.223459  0.0424339 ]
[         0   0.328055  -0.161713  -0.178278    0.36571  -0.460533   0.656802  -0.239212 ]
[         0   0.369062   0.434402   -0.30067  -0.375374 -0.0797241  -0.231523  -0.619533 ]
[ -0.268462 -0.0635422   0.382854   -0.61705   0.412591   0.425705  0.0962298   0.189329 ]
[  0.201347   0.252691  -0.324453  -0.190238   0.523543  -0.161377  -0.673153 -0.0295292 ]

and the triangular matrix is: 
[   14.8997    9.12772    -11.007    12.1479   -2.88597   -3.82559    2.61751   -12.0808 ]
[         0    24.3862  -0.595893    1.15299   -17.4959  -0.372387   -16.8904    5.42399 ]
[         0          0    23.5264     7.4554    8.28042   -4.90215   -5.91905  -0.201512 ]
[         0          0          0    12.1867  -0.205357    7.01173   -11.3397   -11.7337 ]
[         0          0          0          0    16.5214    3.05519    16.3863    6.67568 ]
[         0          0          0          0          0    18.5391    1.78842   -15.6592 ]
[         0          0          0          0          0          0    14.3014   -1.56622 ]
[         0          0          0          0          0          0          0    10.5682 ]

Check if Sx=b for solution of QRx=b
[        -8] 
[         2] 
[        -9] 
[         6] 
[         1] 
[        10] 
[        -7] 
[         9] 


------------------------
Part B

The inverse inverse of S is found to be 
[-0.0703112  0.0294862 -0.0621803  0.0676867  -0.102827 -0.00637388  0.0699537   0.029364 ]
[ 0.0237216 -0.0259115   0.031639 0.00150568  0.0438914  0.0390666 0.00478921  0.0379828 ]
[-0.0115204 -0.00257226 -0.0265422   0.015993 -0.0151801  0.0127029  0.0403908 -0.0374465 ]
[0.00838709 -0.0446886 -0.0375635 -0.0118209  0.0316603 -0.0718889 -0.0466957 -0.0572814 ]
[0.00152137 -0.0264097  0.0544087 -0.0326065 -0.00290581  0.0329391 0.00222521  0.0810065 ]
[ 0.0167522 -0.00198472 -0.0389269   0.031134 -0.0481514 -0.0516352  0.0372563 -0.00649463 ]
[-0.00139975 -0.000910759 -0.00413208  0.0160647  0.0434469 -0.0226089 0.00869068 -0.0473751 ]
[-0.00583571 0.00315786 -0.0679393 0.00401524 -0.0226351 -0.0586223   0.017915 -0.00279415 ]

Check that S * S^-1=I
[         1  6.245e-17 -6.93889e-17 -2.77556e-17 1.11022e-16 -1.11022e-16 9.71445e-17 1.11022e-16 ]
[         0          1 -2.22045e-16 -6.93889e-18  2.498e-16 -1.66533e-16 -2.498e-16 -1.04083e-16 ]
[8.32667e-17 6.93889e-18          1 -2.15106e-16 2.77556e-16 -2.22045e-16 -2.22045e-16 4.16334e-17 ]
[8.32667e-17 8.32667e-17 -2.22045e-16          1 -3.88578e-16 -2.22045e-16 2.77556e-16 2.77556e-17 ]
[-2.77556e-17 2.01228e-16 3.33067e-16 -3.747e-16          1 -1.11022e-16 -2.77556e-17 -1.04083e-16 ]
[-6.41848e-17 -1.63931e-16 -2.77556e-16 -2.13371e-16 -9.02056e-17          1 -4.85723e-17 -1.12757e-16 ]
[-1.73472e-16 -3.71231e-16          0 1.31839e-16 2.77556e-17 -5.55112e-17          1 6.93889e-18 ]
[8.32667e-17 -3.46945e-18 -1.11022e-16 1.38778e-17 -1.38778e-16 -3.33067e-16 -8.32667e-17          1 ]

Check that S^-1 * S=I
[         1 1.55431e-15 -5.55112e-17 1.25594e-15 -6.2797e-16 1.06165e-15 -1.03736e-15 -1.249e-15 ]
[-3.05311e-16          1 -1.11022e-16 -2.498e-16 4.85723e-16 -1.94289e-16 1.66533e-16 7.21645e-16 ]
[2.63678e-16 2.22045e-16          1 3.60822e-16 -4.16334e-17 1.38778e-16 -2.35922e-16 -4.996e-16 ]
[-2.498e-16 -7.77156e-16 -2.22045e-16          1 1.38778e-17 1.38778e-16 5.41234e-16 -5.55112e-16 ]
[-1.94289e-16          0 -4.44089e-16 -8.32667e-17          1 -2.22045e-16 5.55112e-17 8.88178e-16 ]
[5.44703e-16 7.77156e-16 -2.498e-16 3.40006e-16 -3.08781e-16          1 -3.57353e-16 -8.60423e-16 ]
[-1.66533e-16 -3.33067e-16 1.66533e-16 -2.22045e-16 1.94289e-16 -1.38778e-17          1 -2.22045e-16 ]
[4.05925e-16 2.42861e-16 -2.28983e-16 1.09288e-16 -2.21177e-16 4.28477e-16 -1.67401e-16          1 ]



------------------------
Part C

There is a plot comparing my implementation with GSL's implementation. Obviously, theirs is faster. In both cases, we see the O(N^3) scaling of the speed.
