------------------------
Part 1

The random matrix is A = 
[       -20         17         10         -7        -19         15 ]
[         6        -12        -10        -19        -16         15 ]
[         6          6        -13        -16         -9         21 ]
[       -17        -15         16         21          6         19 ]
[       -17        -17          6          2        -20         -4 ]
[       -13        -15        -11         22          5         -5 ]
[        15        -13         11        -18         -5         22 ]
[        22        -21          6        -13        -12         22 ]

New orthogonal matrix Q from QR-decomposition: 
[ -0.455488   0.331288   0.319089  -0.500788  -0.283374   0.285126 ]
[  0.136646  -0.263247  -0.371327  -0.542405   0.264705 0.00676914 ]
[  0.136646   0.164215  -0.378276    -0.3455  0.0291949    0.56362 ]
[ -0.387164  -0.417781   0.371083   0.208269   0.292193   0.512521 ]
[ -0.387164  -0.465276  0.0190456  -0.398721  -0.212281  -0.476993 ]
[ -0.296067  -0.403295  -0.528271   0.247787 -0.0773969   0.212181 ]
[  0.341616  -0.254403      0.391  -0.266151    0.51209 3.42228e-05 ]
[  0.501036  -0.419037    0.21723 -0.0323879  -0.670904   0.256454 ]

Check that R is upper triangular: 
[    43.909   -6.69567   -6.19463    -29.675    1.45756    12.2982 ]
[         0     42.109     -6.542   -8.49448    7.52237   -14.4068 ]
[         0          0    29.2887   -2.77911   -2.07451    14.2694 ]
[         0          0          0    33.5785    33.4853   -25.1582 ]
[         0          0          0          0    11.9883     3.6269 ]
[         0          0          0          0          0    32.4422 ]

Check that Q^T * Q = 1: 
[         1 2.77556e-17 4.16334e-17 -4.51028e-17 -2.22045e-16 -2.77556e-17 ]
[2.77556e-17          1 -6.93889e-17 -8.67362e-17 3.88578e-16 -4.16334e-17 ]
[4.16334e-17 -6.93889e-17          1 3.46945e-17 -1.38778e-16 1.17961e-16 ]
[-4.51028e-17 -8.67362e-17 3.46945e-17          1 8.56953e-16 -9.88792e-17 ]
[-2.22045e-16 3.88578e-16 -1.38778e-16 8.56953e-16          1 2.77556e-17 ]
[-2.77556e-17 -4.16334e-17 1.17961e-16 -9.88792e-17 2.77556e-17          1 ]

Check that QR=A: 
[       -20         17         10         -7        -19         15 ]
[         6        -12        -10        -19        -16         15 ]
[         6          6        -13        -16         -9         21 ]
[       -17        -15         16         21          6         19 ]
[       -17        -17          6          2        -20         -4 ]
[       -13        -15        -11         22          5         -5 ]
[        15        -13         11        -18         -5         22 ]
[        22        -21          6        -13        -12         22 ]



------------------------
Part 2

The random matrix S = 
[         3         -2         -8         14         -5        -14         -9        -15 ]
[        -6          4         14        -11        -15          7         12        -11 ]
[        -4          2         -8          8         -6          0         -4         -3 ]
[        -3         -7         11          8        -15        -14          7         -4 ]
[        -8        -15        -13         -6        -14        -15         -6         -5 ]
[         4        -15         -8          5         -1        -11          1         11 ]
[         6          8         -4          8         -7          7         12         -2 ]
[         8          8         -9          0          1         14         11          8 ]

The random vetor b = 
[         6] 
[         6] 
[       -13] 
[        -1] 
[         6] 
[       -12] 
[         9] 
[        -4] 

From QR-decomposition, the new orthogonal matrix is: 
[  0.189737  -0.163863  -0.188772    0.51242  -0.119248  -0.639772  -0.454079  0.0960347 ]
[ -0.379473   0.327725   0.293808  -0.201187  -0.577441  0.0371289  -0.534444 -0.0367334 ]
[ -0.252982   0.190183  -0.516141   0.496603  0.0470001   0.574703  -0.194158   0.128936 ]
[ -0.189737  -0.218201   0.499396    0.51241  -0.323165  0.0820216   0.413383   0.349827 ]
[ -0.505964  -0.426213  -0.516081  -0.237346  -0.348198  -0.210908   0.268181  -0.044995 ]
[  0.252982  -0.742052   0.113497 -0.0803839   -0.11391   0.438427  -0.379576  -0.129402 ]
[  0.379473   0.181692  -0.121816   0.227639  -0.499088  0.0817315   0.278923  -0.650202 ]
[  0.505964   0.129052  -0.261119  -0.270476  -0.402977  0.0944512  0.0761627   0.639447 ]

and the triangular matrix is: 
[   15.8114    9.80306   -8.41166    10.6253    13.7875    11.8902    6.83052    11.4474 ]
[         0    23.5563    11.5663   -5.82264    3.60158    25.2773    8.53444   -6.20725 ]
[         0          0    23.8844   -3.31921   -0.15412  -0.307709    9.66086    1.13409 ]
[         0          0          0    20.3023   -8.67078   -13.5047   -4.32545   -11.3293 ]
[         0          0          0          0    21.9027  -0.507611   -16.7527    7.55457 ]
[         0          0          0          0          0    8.30378    8.20245    13.6054 ]
[         0          0          0          0          0          0    3.53991    6.15423 ]
[         0          0          0          0          0          0          0    2.39497 ]

Check if Sx=b for solution of QRx=b
[         6] 
[         6] 
[       -13] 
[        -1] 
[         6] 
[       -12] 
[         9] 
[        -4] 

