------------------------
Part A1

The random matrix is A = 
[       -24        -10         -8          6         10          4 ]
[        20         20        -25          4         11         17 ]
[        22         13         -6         17         -6        -18 ]
[        -3        -18        -15          2         14         20 ]
[        10        -23         11        -24         -4        -25 ]
[        -6         -3        -10         11        -21        -23 ]
[        -8        -24         24         -8          8         10 ]
[       -14          5          1          6         -3         20 ]

New orthogonal matrix Q from QR-decomposition: 
[  -0.55574  0.0351672  -0.362329  0.0427102   0.201198   -0.61942 ]
[  0.463117   0.253048  -0.433576  -0.288462   0.270455     0.1599 ]
[  0.509429  0.0605369  0.0078991   0.722988  0.0498851  -0.233739 ]
[-0.0694675  -0.400984  -0.665794   0.179956    0.26544     0.3652 ]
[  0.231558  -0.672135 0.000902092  -0.376942  -0.329354  -0.137566 ]
[ -0.138935 -0.00330909  -0.322869   0.339006  -0.752887   0.130044 ]
[ -0.185247  -0.488448   0.352451   0.320383   0.366881   0.223685 ]
[ -0.324182     0.2827  0.0944409  0.0146477 -0.0592691   0.562916 ]

Check that R is upper triangular: 
[   43.1856    20.6087   -9.98017  -0.509429   -3.01026   -15.8386 ]
[         0    41.3193   -19.7564     23.149   -4.83945    12.9821 ]
[         0          0    35.4694   -10.9317   -8.44821   -9.46141 ]
[         0          0          0    22.0536   -7.65675   -9.02445 ]
[         0          0          0          0    28.6447    37.8471 ]
[         0          0          0          0          0    25.6952 ]

Check that Q^T * Q = 1: 
[         1 9.71445e-17 -3.81639e-17 -6.76542e-17 -8.32667e-17 1.66533e-16 ]
[9.71445e-17          1 2.08167e-17 7.37257e-17 5.89806e-17 -2.77556e-17 ]
[-3.81639e-17 2.08167e-17          1 6.78711e-17 5.20417e-17 -1.04083e-16 ]
[-6.76542e-17 7.37257e-17 6.78711e-17          1 2.09251e-17 6.07153e-17 ]
[-8.32667e-17 5.89806e-17 5.20417e-17 2.09251e-17          1 -9.02056e-17 ]
[1.66533e-16 -2.77556e-17 -1.04083e-16 6.07153e-17 -9.02056e-17          1 ]

Check that QR=A: 
[       -24        -10         -8          6         10          4 ]
[        20         20        -25          4         11         17 ]
[        22         13         -6         17         -6        -18 ]
[        -3        -18        -15          2         14         20 ]
[        10        -23         11        -24         -4        -25 ]
[        -6         -3        -10         11        -21        -23 ]
[        -8        -24         24         -8          8         10 ]
[       -14          5          1          6         -3         20 ]



------------------------
Part A2

The random matrix S = 
[         5         -9         -3         -4        -12        -12         13         -4 ]
[         1        -11         -1         12        -11          8         -4         -4 ]
[        -6         -8         10         -7          4         -1         10         -3 ]
[       -13         14         -3          3          5          1          8        -13 ]
[        -1         12        -10          3        -15        -12          6         -7 ]
[        14        -10         12         10         13         -6         -9         14 ]
[         1        -14         14        -10         -7          9         -6         -5 ]
[         0         -2         13        -10         14         -2         -7         -9 ]

The random vector b = 
[        -5] 
[        -2] 
[         9] 
[       -13] 
[        -6] 
[         0] 
[       -12] 
[        -7] 

From QR-decomposition, the new orthogonal matrix is: 
[  0.241402  -0.196311  -0.413051  -0.389653  0.0234864  -0.580521  0.0721758  -0.487832 ]
[ 0.0482805  -0.411583  -0.422761   0.607287  -0.176996  0.0520813  -0.490109 -0.0806051 ]
[ -0.289683  -0.525256   0.167597  0.0193042   0.073767  -0.528138   0.117044   0.560051 ]
[ -0.627646   0.129993   0.197956   0.388824 -0.0800433  -0.233167   0.231853  -0.533162 ]
[-0.0482805   0.452053  -0.101862 -0.0649947  -0.755294  -0.328232  -0.181873   0.259682 ]
[  0.675926  0.0654684   0.409244   0.475572 -0.0482927  -0.287271   0.241845 -0.0429249 ]
[ 0.0482805  -0.532992   0.235751  -0.211478  -0.617593   0.344089   0.277872  -0.190409 ]
[         0 -0.0809393   0.591567  -0.229566  0.0452725  -0.135378  -0.719965  -0.228189 ]

and the triangular matrix is: 
[   20.7123   -17.1878    7.48347    5.89022    1.44841   -5.89022   -11.6356    17.4292 ]
[         0    24.7099    -16.891    8.06318    2.10018   -10.7342   0.769301    3.46303 ]
[         0          0    19.6645   -8.48658    24.7469    1.31039   -10.2688   0.206613 ]
[         0          0          0    18.8486     5.4408    6.38599   -5.98529    4.25329 ]
[         0          0          0          0    17.2185    1.85278   0.402155    8.72478 ]
[         0          0          0          0          0    16.7078   -15.4027    4.50312 ]
[         0          0          0          0          0          0    6.02866    8.05578 ]
[         0          0          0          0          0          0          0    8.11173 ]

Check if Sx=b for solution of QRx=b
[        -5] 
[        -2] 
[         9] 
[       -13] 
[        -6] 
[-2.84217e-14] 
[       -12] 
[        -7] 


------------------------
Part B

The inverse inverse of S is found to be 
[  0.154097  -0.101709   -0.21373   0.176712  -0.112738  0.0782546   0.137801 -0.0744325 ]
[ 0.0214646 -0.0774976 -0.0797179  0.0966563 -0.00579294  0.0467533  0.0880592 -0.0598272 ]
[-0.00788091 -0.0426625 0.00111661  0.0660661   0.028651   0.063298  0.0901052 -0.0472163 ]
[-0.00684033  0.0314314 0.00680448  0.0311571  0.0124129  0.0332283 -0.00414398  -0.013866 ]
[ 0.0225159   0.002468 -0.0163692  0.0127745 -0.0481044 -0.00420963 -0.0363634  0.0269685 ]
[ 0.0665833 -0.0569095  -0.117371    0.12018 -0.0955206  0.0277332   0.098328 -0.0759621 ]
[ 0.0923328 -0.0680184 -0.0728426   0.126286 -0.0729454  0.0471869  0.0774578  -0.081834 ]
[-0.0601391 -0.00993686  0.0690421 -0.0657273  0.0320131 -0.0052917 -0.0234733 -0.0281307 ]

Check that S * S^-1=I
[         1 -5.20417e-16 1.11022e-16 2.22045e-16 1.94289e-16 7.63278e-17 -1.249e-16 -2.08167e-16 ]
[-2.77556e-16          1 3.33067e-16 -3.33067e-16 8.32667e-17 -6.93889e-18 -1.249e-16 1.38778e-17 ]
[-5.55112e-17 5.82867e-16          1 -7.77156e-16 -2.77556e-17 -2.77556e-17 6.93889e-17 6.93889e-17 ]
[2.22045e-16 -2.22045e-16 1.11022e-16          1 -4.44089e-16          0 3.33067e-16 1.66533e-16 ]
[2.22045e-16 1.11022e-16          0 -2.22045e-16          1 2.15106e-16 2.77556e-16 -3.05311e-16 ]
[2.22045e-16 -7.77156e-16 -6.66134e-16 -2.22045e-16 -3.33067e-16          1 -1.11022e-16 -3.88578e-16 ]
[-5.55112e-17 -1.249e-16          0 -2.22045e-16 8.32667e-17  1.249e-16          1 1.38778e-16 ]
[-1.11022e-16 8.32667e-17 1.11022e-16          0 -2.77556e-16 -3.53884e-16          0          1 ]

Check that S^-1 * S=I
[         1 8.04912e-15 -1.44329e-15 -2.66454e-15 6.43929e-15 -4.16334e-15 2.55351e-15 -1.44329e-15 ]
[-3.19189e-16          1 -1.11022e-16 -1.11022e-15 2.44249e-15 -1.60982e-15 6.10623e-16 -4.44089e-16 ]
[7.49401e-16 7.77156e-16          1 -3.33067e-16 9.99201e-16 -8.88178e-16 -5.55112e-17 6.10623e-16 ]
[3.13985e-16 -8.67362e-17 1.38778e-16          1 1.94289e-16 -7.97973e-17 -1.66533e-16 3.19189e-16 ]
[-9.15934e-16 9.4369e-16 -2.77556e-16 -3.33067e-16          1 1.11022e-16 5.27356e-16 -6.66134e-16 ]
[-1.33227e-15 4.63518e-15 -2.22045e-16 -1.44329e-15 4.21885e-15          1 1.22125e-15 -6.66134e-16 ]
[-7.21645e-16 4.27436e-15 -4.44089e-16 -1.33227e-15 3.33067e-15 -2.38698e-15          1 -3.33067e-16 ]
[1.21084e-15 -2.32453e-15 3.33067e-16 8.32667e-16 -1.77636e-15 5.06539e-16 -8.88178e-16          1 ]

