------------------------
Part A1

The random matrix is A = 
[         9          2        -25          3          7        -19 ]
[       -21          5          9          4        -23        -13 ]
[       -20         15         17         19        -25          2 ]
[        23         23        -11         23          3         -4 ]
[       -18         24         22        -18          7        -15 ]
[        -5         -7         14         -5         22         -4 ]
[         3        -22        -24        -12          7        -20 ]
[         2         14         21         -6         11         21 ]

New orthogonal matrix Q from QR-decomposition: 
[   0.21137  0.0764717  -0.587984  -0.161759   0.416347   0.498111 ]
[ -0.493197  0.0355557  -0.281162   0.171371   -0.13298  -0.431209 ]
[ -0.469711   0.260502  -0.164463    0.55323   0.166798   0.354496 ]
[  0.540168   0.591431  -0.155994   0.236346   0.151586  -0.461289 ]
[  -0.42274   0.466889  -0.101472  -0.680848   0.141668  -0.164899 ]
[ -0.117428  -0.172846   0.418773  0.0729647   0.847181  -0.208254 ]
[ 0.0704567  -0.476278  -0.333237  -0.256593  0.0999051  -0.183483 ]
[ 0.0469711   0.317071   0.476578  -0.218691  -0.102006   0.351086 ]

Check that R is upper triangular: 
[   42.5793   -6.88127   -35.2988    9.22983    21.6537    5.68351 ]
[         0    45.1735    22.2719    15.1972   -5.40128     6.1122 ]
[         0          0    32.7255   -8.72925    17.4068    31.6417 ]
[         0          0          0    32.4292    -25.558    11.4669 ]
[         0          0          0          0    21.4647   -16.1086 ]
[         0          0          0          0          0    13.0447 ]

Check that Q^T * Q = 1: 
[         1 -5.0307e-17 -3.64292e-16 -1.21431e-17 -5.20417e-17 8.67362e-16 ]
[-5.0307e-17          1 -8.32667e-17 -1.249e-16 -9.02056e-17 3.33067e-16 ]
[-3.64292e-16 -8.32667e-17          1 4.16334e-17 -4.85723e-17 -6.38378e-16 ]
[-1.21431e-17 -1.249e-16 4.16334e-17          1 2.77556e-17 1.94289e-16 ]
[-5.20417e-17 -9.02056e-17 -4.85723e-17 2.77556e-17          1 -1.52656e-16 ]
[8.67362e-16 3.33067e-16 -6.38378e-16 1.94289e-16 -1.52656e-16          1 ]

Check that QR=A: 
[         9          2        -25          3          7        -19 ]
[       -21          5          9          4        -23        -13 ]
[       -20         15         17         19        -25          2 ]
[        23         23        -11         23          3         -4 ]
[       -18         24         22        -18          7        -15 ]
[        -5         -7         14         -5         22         -4 ]
[         3        -22        -24        -12          7        -20 ]
[         2         14         21         -6         11         21 ]



------------------------
Part A2

The random matrix S = 
[         1         11          2        -12         10          2         11         -3 ]
[        -9         10         -4          6          0         -2        -14          1 ]
[       -12         -5         -7          7        -11         -4          2         -7 ]
[        -8          9          5        -10        -12         13        -14         -3 ]
[         9         -5          0          4         13        -12          8         11 ]
[        13        -11         -6         -9          2         -4          7         -2 ]
[         6          7         12          2        -11         -9          3        -12 ]
[       -15         -7         -7         10         -9        -14         14        -15 ]

The random vector b = 
[        -3] 
[        -9] 
[        -3] 
[       -13] 
[        -6] 
[       -10] 
[        13] 
[        -7] 

From QR-decomposition, the new orthogonal matrix is: 
[ 0.0353333   0.476395  -0.365578  -0.319275   0.303454  -0.543279   0.354237   0.153283 ]
[ -0.317999   0.363409  -0.572165   0.468327  -0.340355 -0.0113833  -0.301456  -0.115154 ]
[ -0.423999  -0.297727 -0.0524608 0.00319443  -0.285319 -0.0519822   0.222253   0.771567 ]
[ -0.282666   0.327771    0.24211  -0.597972  -0.121856   0.029178  -0.605039    0.12127 ]
[  0.317999  -0.150062 -0.0151546   0.328339   0.403195  -0.329037  -0.575868   0.407267 ]
[  0.459332  -0.377951  -0.375267  -0.359003  -0.534147  -0.252277  -0.137784 -0.0922838 ]
[     0.212   0.340875     0.5667   0.290185  -0.487438  -0.425912   0.112071  0.0441368 ]
[ -0.529999   -0.40416   0.124127  0.0160228   0.101702  -0.589792 -0.0707303  -0.420584 ]

and the triangular matrix is: 
[   28.3019   -4.66399    6.39532   -10.2113       15.9   -1.41333    6.92532    11.3773 ]
[         0     23.436    12.4094   -9.45662    1.28679    11.5808   -13.5134    1.11212 ]
[         0          0    11.3184    3.85707   -14.2824    -1.3847    1.18427   -7.91299 ]
[         0          0          0    17.9283    4.16194   -14.7016  -0.482044    3.80488 ]
[         0          0          0          0     16.255    1.10613    8.68635    10.9392 ]
[         0          0          0          0          0    16.5713   -20.2622    12.7378 ]
[         0          0          0          0          0          0    10.8066    -7.4477 ]
[         0          0          0          0          0          0          0    4.10384 ]

Check if Sx=b for solution of QRx=b
[        -3] 
[        -9] 
[        -3] 
[       -13] 
[        -6] 
[       -10] 
[        13] 
[        -7] 


------------------------
Part B

The inverse inverse of S is found to be 
[ 0.0170742 0.00518892  0.0899508 -0.0699052 -0.0346072  0.0213534  0.0385725 -0.0901486 ]
[  0.076895    0.02302   0.177103 -0.0473306 0.00569811 -0.0134192  0.0435648   -0.11591 ]
[-0.0571839 -0.0354758   -0.18646  0.0644351  0.0194273 -0.0359284 -0.00879804   0.109275 ]
[-0.00699151 -0.00539404   0.046414 -0.0925637  -0.055638 -0.0425462  0.0150107 -0.0492454 ]
[-0.0384252  0.0256953  -0.226755 -0.00395762 -0.0447692 -0.000422075 -0.0458955   0.119951 ]
[ 0.0100609 -0.0368725  0.0359261   -0.06451 -0.0776678 -0.0324779 -0.0122253 -0.0511796 ]
[ 0.0585213  -0.047234    0.15014 -0.0356223   0.015106 -0.0282477  0.0177827  -0.077176 ]
[  0.037351 -0.0280601   0.188011  0.0295505  0.0992404 -0.0224872   0.010755  -0.102485 ]

Check that S * S^-1=I
[         1 -2.08167e-16 -1.11022e-16 -5.55112e-17 5.55112e-16 8.32667e-17 -1.17961e-16 3.33067e-16 ]
[-6.93889e-17          1 6.38378e-16 -3.81639e-17 4.16334e-17          0 2.08167e-17 -2.77556e-17 ]
[-4.996e-16 -4.44089e-16          1 -8.88178e-16 2.22045e-16  2.498e-16 1.80411e-16 5.55112e-16 ]
[-1.249e-16  1.249e-16 -3.33067e-16          1 -2.22045e-16 5.55112e-17 -6.245e-17 6.66134e-16 ]
[2.77556e-16 -1.66533e-16 -4.44089e-16 -2.22045e-16          1 1.66533e-16 2.22045e-16          0 ]
[-8.32667e-17 2.77556e-17 -8.32667e-16 2.70617e-16 -2.77556e-17          1 6.93889e-17 2.77556e-16 ]
[-2.77556e-16 -5.55112e-17          0 -1.66533e-16 4.44089e-16 5.55112e-17          1 2.22045e-16 ]
[2.22045e-16 3.88578e-16          0 5.55112e-16          0 -1.66533e-16 2.77556e-17          1 ]

Check that S^-1 * S=I
[         1 -3.9968e-15 -1.33227e-15 2.55351e-15 -1.11022e-16 -2.44249e-15 2.44249e-15          0 ]
[6.66134e-16          1 -2.9976e-15 5.32907e-15 -6.66134e-16 -5.77316e-15 5.55112e-15 -1.11022e-15 ]
[-1.33227e-15 7.54952e-15          1 -4.88498e-15 9.99201e-16 5.77316e-15 -5.55112e-15 1.33227e-15 ]
[4.44089e-16 -1.94289e-15 -9.4369e-16          1 5.55112e-17 -8.88178e-16 6.66134e-16 4.44089e-16 ]
[-1.55431e-15 8.77076e-15 3.10862e-15 -5.77316e-15          1 6.88338e-15 -7.10543e-15 1.55431e-15 ]
[2.22045e-16 -1.4988e-15 -7.21645e-16 1.33227e-15          0          1 2.22045e-16 4.44089e-16 ]
[1.33227e-15 -5.9952e-15 -2.22045e-15 4.21885e-15 -2.22045e-16 -4.66294e-15          1 -2.22045e-16 ]
[1.11022e-15 -7.32747e-15 -2.77556e-15 4.66294e-15 -7.77156e-16 -6.43929e-15 6.66134e-15          1 ]

