------------------------
Part A1

The random matrix is A = 
[       -10        -11         13         17         -8         -7 ]
[       -13         19         -3        -10        -10         23 ]
[       -15        -19         -6          3         -5         18 ]
[       -23         -9          5        -13        -13        -25 ]
[        -3         23        -12         22         -1          8 ]
[        13         14         23          1          9         -8 ]
[        19         21        -14         -7        -13          3 ]
[        -7         -1         11         15        -23        -16 ]

New orthogonal matrix Q from QR-decomposition: 
[ -0.249145  -0.138642   0.327123   0.415289  -0.154082    0.13751 ]
[ -0.323889   0.647919  0.0352976  -0.339549 3.59368e-05    0.54099 ]
[ -0.373718  -0.270137  -0.274311   0.124453  -0.045472   0.509271 ]
[ -0.573034  0.0864952   0.115457  -0.417583  -0.162396  -0.583782 ]
[-0.0747435   0.612475  -0.215241   0.610406   0.269175  -0.270976 ]
[  0.323889   0.172774   0.746997 -0.0877474    0.17926   0.121107 ]
[  0.473376   0.265907  -0.306109  -0.134902  -0.637282 0.00872963 ]
[ -0.174402  0.0695759   0.324242    0.35197  -0.661137 -0.00955284 ]

Check that R is upper triangular: 
[   40.1373    21.7753    -3.0894   -1.91842    15.3972      2.915 ]
[         0    40.2099   -8.02607    2.05855   -9.25835    12.0499 ]
[         0          0    33.9858    5.90232   0.360733   -23.1061 ]
[         0          0          0    35.8224   -2.86224    1.51209 ]
[         0          0          0          0    28.4058    13.7065 ]
[         0          0          0          0          0     32.284 ]

Check that Q^T * Q = 1: 
[         1 -1.05818e-16 2.08167e-17 1.38778e-17 -1.66533e-16 7.24247e-17 ]
[-1.05818e-16          1 -3.1225e-17 8.32667e-17 -2.77556e-17 7.52436e-17 ]
[2.08167e-17 -3.1225e-17          1 -1.38778e-17 -2.77556e-17 1.91687e-16 ]
[1.38778e-17 8.32667e-17 -1.38778e-17          1          0 -1.73472e-17 ]
[-1.66533e-16 -2.77556e-17 -2.77556e-17          0          1 -9.54098e-18 ]
[7.24247e-17 7.52436e-17 1.91687e-16 -1.73472e-17 -9.54098e-18          1 ]

Check that QR=A: 
[       -10        -11         13         17         -8         -7 ]
[       -13         19         -3        -10        -10         23 ]
[       -15        -19         -6          3         -5         18 ]
[       -23         -9          5        -13        -13        -25 ]
[        -3         23        -12         22         -1          8 ]
[        13         14         23          1          9         -8 ]
[        19         21        -14         -7        -13          3 ]
[        -7         -1         11         15        -23        -16 ]



------------------------
Part A2

The random matrix S = 
[       -12         11        -10        -10          6         14        -10        -12 ]
[         3         -6          8        -13         -3          8         -1        -13 ]
[        14          3        -13          0         -1        -10          0         13 ]
[       -11         -2          7         -5        -10         11          6         -6 ]
[         0          4         -9         -9          3         -3        -14         13 ]
[        -2          9        -14          2          2         -8          5         -7 ]
[        10          7          0         -6         12        -15        -15          8 ]
[        -9         -1         11         -4        -12          2         -3          3 ]

The random vector b = 
[        -9] 
[         4] 
[         9] 
[        10] 
[         8] 
[        10] 
[         8] 
[        -9] 

From QR-decomposition, the new orthogonal matrix is: 
[ -0.468879    0.59299 -0.0232238  -0.299155   0.202141   0.509122  -0.157738  -0.116343 ]
[   0.11722  -0.331061   0.100593  -0.750745  0.0359206  0.0922207   0.415606  -0.346983 ]
[  0.547025   0.198808   -0.29822  -0.169103  -0.601801    0.37604  -0.160226   0.120266 ]
[ -0.429806  -0.136117  0.0565456  -0.179887  -0.314198  0.0529386   0.314695    0.74875 ]
[         0   0.225001  -0.259704  -0.503278  0.0600715  -0.671832  -0.379647   0.171875 ]
[-0.0781465   0.501959  -0.226041   0.162936  -0.265866  -0.323609   0.649447  -0.259034 ]
[  0.390732   0.415222    0.76783 -0.0764695  0.0969479 -0.0892153  0.0990084   0.228796 ]
[ -0.351659 -0.0755729   0.434863 -0.0157378  -0.642861  -0.155055  -0.319326  -0.376814 ]

and the triangular matrix is: 
[    25.593  -0.976831   -7.26762    4.21991     9.3385   -21.7638   -3.20401    16.4108 ]
[         0    17.7777   -21.9995   -4.15565    13.2819   -8.90215   -13.0574    3.09549 ]
[         0          0     15.595   -5.81937    2.05606   -3.97648   -9.84547   0.408217 ]
[         0          0          0    19.0278   0.512538   -9.15994    11.7178    3.88838 ]
[         0          0          0          0    13.3751    4.88594   -5.63848   -7.34189 ]
[         0          0          0          0          0    10.3199    4.72519   -10.3849 ]
[         0          0          0          0          0          0    11.0851   -17.1286 ]
[         0          0          0          0          0          0          0     7.7254 ]

Check if Sx=b for solution of QRx=b
[        -9] 
[         4] 
[         9] 
[        10] 
[         8] 
[        10] 
[         8] 
[        -9] 


------------------------
Part B

The inverse inverse of S is found to be 
[ 0.0386974  0.0159607  0.0758102 -0.0330385 -0.0728467  -0.042084 0.00967929  0.0210267 ]
[ 0.0699122 -0.0564853   0.087559  0.0842489  -0.113283 -0.0334284  0.0815903  0.0192717 ]
[0.00538044 -0.0219904 0.00762661  0.0570891 -0.0519341 -0.0332938  0.0581662 -0.000388251 ]
[ 0.0359153 -0.0203078 0.00632794  -0.131432  -0.052538 -0.0213075 -0.0469158  0.0684321 ]
[-0.0277204 -0.0275118 -0.0498294  0.0971082  0.0323828 -0.0105119  0.0479819  -0.112761 ]
[ 0.0513497 -0.0216509  0.0477082  0.0210909 -0.0427717 -0.0682022 -0.00388537 -0.0164092 ]
[-0.0375001 -0.0319092 0.00960082    0.17815 0.000129069 0.00677693  0.0546941  -0.104175 ]
[-0.0150598 -0.0449146  0.0155676  0.0969206  0.0222481 -0.0335302   0.029616  -0.048776 ]

Check that S * S^-1=I
[         1          0 -5.82867e-16 -4.44089e-16 5.55112e-16          0 -1.11022e-16 1.11022e-16 ]
[3.88578e-16          1 2.22045e-16 -4.44089e-16 -3.33067e-16 -1.66533e-16 1.11022e-16 6.66134e-16 ]
[-2.498e-16 2.22045e-16          1 -4.44089e-16 -5.55112e-17 -2.77556e-16 -2.77556e-16          0 ]
[-7.21645e-16 -2.22045e-16 -1.80411e-16          1 -2.77556e-16          0 -4.996e-16 -2.77556e-16 ]
[4.16334e-16 -1.11022e-16 -1.94289e-16 -8.88178e-16          1 6.10623e-16 5.55112e-17 4.44089e-16 ]
[1.52656e-16 -2.77556e-16 -3.19189e-16 1.11022e-16 1.38778e-16          1 8.32667e-17 1.11022e-16 ]
[-4.16334e-16          0 4.16334e-17 -3.33067e-16 -5.55112e-17 1.11022e-16          1 1.66533e-16 ]
[4.16334e-16 3.33067e-16 -9.02056e-17 5.55112e-17 1.80411e-16          0 -1.249e-16          1 ]

Check that S^-1 * S=I
[         1 -1.58901e-15 1.60982e-15 -5.41234e-16 -1.55431e-15 7.35523e-16  4.996e-16 6.10623e-16 ]
[2.30371e-15          1  3.747e-15 2.44249e-15 -2.33147e-15 -3.88578e-16 4.13558e-15 6.38378e-16 ]
[1.31362e-15 -1.95113e-15          1 1.63237e-15 -9.87058e-16 -4.27609e-16 2.14022e-15 3.02276e-16 ]
[-1.77636e-15 7.21645e-16 6.66134e-16          1 -1.11022e-15 2.66454e-15 -2.55351e-15 -7.77156e-16 ]
[1.9984e-15 -6.66134e-16 -1.11022e-15 3.77476e-15          1 -2.55351e-15  2.498e-15 6.66134e-16 ]
[ 1.249e-15 -1.73125e-15 1.58207e-15 6.93889e-16 -8.32667e-16          1 1.55431e-15  3.747e-16 ]
[3.33067e-15 -2.38698e-15 -2.22045e-16 5.55112e-15 2.22045e-16 -3.10862e-15          1 1.16573e-15 ]
[2.05391e-15 -1.4086e-15          0 2.9976e-15 2.22045e-16 -1.84575e-15 2.63678e-15          1 ]

