------------------------
Part A1

The random matrix is A = 
[        -3         10         -7         20        -17         -9 ]
[         9        -16         -8          3          6          3 ]
[       -18         11         -4          6         22         19 ]
[        16        -11        -10          4         -1         15 ]
[        10        -16          3        -25         -7         17 ]
[         6         15          2        -23         11         12 ]
[        -5         -5         23         13        -24          4 ]
[        -9        -17         -8         14         16        -11 ]

New orthogonal matrix Q from QR-decomposition: 
[-0.0993399   0.248901   -0.27718   0.506483  -0.598591   0.145282 ]
[   0.29802  -0.339271  -0.211854   0.105411   0.263442    0.05803 ]
[  -0.59604  0.0673947  -0.241654  -0.228123   0.180129   0.691152 ]
[  0.529813 -0.0954758  -0.259177   0.337884   0.267561   0.490654 ]
[  0.331133   -0.32523   0.179063   -0.55269  -0.545288   0.357486 ]
[   0.19868   0.520777  0.0709512  -0.336475   0.363411  0.0143769 ]
[ -0.165567  -0.215714   0.794031   0.379924   0.143591   0.266067 ]
[  -0.29802  -0.621103  -0.291781 -0.0559732   0.135004   -0.24145 ]

Check that R is upper triangular: 
[   30.1993   -14.5699   -4.63586   -21.7223    -11.093    9.03993 ]
[         0    34.3616    1.73031   -11.3642   -1.44414    3.28013 ]
[         0          0    28.4695   -8.53678   -25.8145    3.66118 ]
[         0          0          0    36.1403   -23.1805   -14.8062 ]
[         0          0          0          0    21.9804    7.79389 ]
[         0          0          0          0          0    29.3283 ]

Check that Q^T * Q = 1: 
[         1 -1.11022e-16 -2.77556e-17 7.63278e-17 4.16334e-17  1.249e-16 ]
[-1.11022e-16          1 5.55112e-17 3.46945e-17 1.11022e-16 -8.32667e-17 ]
[-2.77556e-17 5.55112e-17          1 -6.93889e-18 1.17961e-16 -8.32667e-17 ]
[7.63278e-17 3.46945e-17 -6.93889e-18          1 -2.77556e-16 -2.77556e-17 ]
[4.16334e-17 1.11022e-16 1.17961e-16 -2.77556e-16          1 6.93889e-18 ]
[ 1.249e-16 -8.32667e-17 -8.32667e-17 -2.77556e-17 6.93889e-18          1 ]

Check that QR=A: 
[        -3         10         -7         20        -17         -9 ]
[         9        -16         -8          3          6          3 ]
[       -18         11         -4          6         22         19 ]
[        16        -11        -10          4         -1         15 ]
[        10        -16          3        -25         -7         17 ]
[         6         15          2        -23         11         12 ]
[        -5         -5         23         13        -24          4 ]
[        -9        -17         -8         14         16        -11 ]



------------------------
Part A2

The random matrix S = 
[         8          7         13          5         -2          9         -2          5 ]
[         8          8        -14        -14          0        -11         -1        -11 ]
[         1         -5         -4         -6          7         -6         -8          8 ]
[         3          0         -4        -10          9        -13         -4         -6 ]
[         1        -13        -15         14         11        -10          5         -3 ]
[        13         -2        -10         -1          2          4          3         11 ]
[         6          7        -10         -1        -14        -11         -8         -3 ]
[        -4         -4         -6         12         -2          6         -9          7 ]

The random vector b = 
[         8] 
[        13] 
[         6] 
[        -4] 
[       -12] 
[        -4] 
[         0] 
[       -13] 

From QR-decomposition, the new orthogonal matrix is: 
[  0.421637   0.222729   0.615492    0.36776   0.370113  -0.147196  -0.254329   0.187624 ]
[  0.421637   0.278103   -0.55896  -0.178178   0.455193   0.273811  0.0826854   0.334197 ]
[ 0.0527046  -0.297484  0.0251361  -0.445178  -0.215086  -0.124721  -0.605376   0.530673 ]
[  0.158114 -0.0618349 -0.0615875   -0.43102   0.388275    -0.3453  -0.283799  -0.656562 ]
[ 0.0527046   -0.74048  -0.186781   0.305897    0.33185  -0.348457   0.242152   0.173975 ]
[   0.68516    -0.3787   0.106908 -0.0221699  -0.356038   0.418095   0.079337  -0.259539 ]
[  0.316228   0.263952  -0.429764   0.353645  -0.450246  -0.538396  -0.157802 -0.0554532 ]
[ -0.210819  -0.139052  -0.270731   0.479494   0.138516   0.427175    -0.6258  -0.199299 ]

and the triangular matrix is: 
[   18.9737    7.06242   -10.8044   -8.48545    -1.1068    -5.7448  -0.632456    1.89737 ]
[         0    18.0589    13.5283   -12.2971   -15.4043     3.6864     -3.795   -7.66383 ]
[         0          0    23.6273    5.82711    3.10806    17.7363    4.63475    10.9271 ]
[         0          0          0    21.0196   -10.3204    9.38335  -0.953467    3.95742 ]
[         0          0          0          0    10.2133   -4.39202    1.91862   -9.79852 ]
[         0          0          0          0          0    14.5429    2.37414    7.57596 ]
[         0          0          0          0          0          0    14.7476   -9.08233 ]
[         0          0          0          0          0          0          0   0.841121 ]

Check if Sx=b for solution of QRx=b
[         8] 
[        13] 
[         6] 
[        -4] 
[       -12] 
[        -4] 
[1.42109e-14] 
[       -13] 


------------------------
Part B

The inverse inverse of S is found to be 
[ -0.156161  -0.362244  -0.505267   0.660215  -0.166206   0.307846  0.0836969   0.166531 ]
[  0.422318   0.758766   0.977917   -1.27928   0.353465  -0.569958  -0.148878  -0.340126 ]
[-0.0441609  -0.162872  -0.164191   0.238718 -0.0626142  0.0817259  0.0361403  0.0280921 ]
[  0.127069   0.167907   0.223288  -0.308419   0.118765  -0.148443 -0.0223991 -0.0718879 ]
[  0.164919   0.280251   0.349528  -0.417185    0.13718  -0.201753 -0.0952464 -0.0994404 ]
[ -0.145935  -0.229015  -0.393972    0.46451  -0.155186   0.219636 0.00569821   0.183557 ]
[  0.120129   0.250299   0.347499  -0.499966   0.143801   -0.18465  -0.051302  -0.188357 ]
[  0.223064   0.397323   0.630911  -0.780579   0.206837  -0.308563 -0.0659278  -0.236945 ]

Check that S * S^-1=I
[         1 2.66454e-15 2.22045e-15 -8.88178e-16 8.88178e-16 -8.88178e-16 2.77556e-16 2.22045e-16 ]
[8.88178e-16          1 2.66454e-15 -5.32907e-15 1.77636e-15 -1.77636e-15 1.11022e-16 -4.44089e-16 ]
[-6.66134e-16 8.88178e-16          1 8.88178e-16 1.11022e-15 -1.33227e-15 6.66134e-16 6.66134e-16 ]
[6.66134e-16 -1.77636e-15 8.88178e-16          1 -1.55431e-15 4.44089e-16 -1.11022e-15 -1.77636e-15 ]
[3.33067e-16 -6.66134e-16 -3.55271e-15 6.66134e-15          1 -6.66134e-16 3.33067e-16 1.55431e-15 ]
[-8.88178e-16 -8.88178e-16 -2.66454e-15 3.55271e-15 -8.88178e-16          1 -2.22045e-16 4.44089e-16 ]
[1.11022e-16 -2.22045e-16 -1.33227e-15 -1.77636e-15 -3.33067e-16 4.44089e-16          1 4.44089e-16 ]
[         0 -2.22045e-15 -1.77636e-15 1.77636e-15 -8.88178e-16 4.44089e-16 -1.11022e-16          1 ]

Check that S^-1 * S=I
[         1 -3.44169e-15 1.04916e-13 2.24265e-14 -1.58762e-14 9.57012e-14 2.68674e-14  5.973e-14 ]
[4.44089e-14          1 -2.10942e-13 -4.70735e-14 3.13083e-14 -1.91847e-13 -5.37348e-14 -1.1946e-13 ]
[-7.52176e-15 -1.77636e-15          1 7.66054e-15 -5.31519e-15 3.33622e-14 9.04832e-15 2.16493e-14 ]
[1.10467e-14 2.60902e-15 -5.10703e-14          1 8.07687e-15 -4.74065e-14 -1.35447e-14 -2.9754e-14 ]
[1.53766e-14 3.16414e-15 -7.41629e-14 -1.73195e-14          1 -6.90559e-14 -1.88738e-14 -4.26326e-14 ]
[-1.67644e-14 -2.88658e-15 7.81597e-14 1.64313e-14 -1.12133e-14          1 1.9984e-14 4.44089e-14 ]
[1.68754e-14 3.33067e-15 -7.72715e-14 -1.55431e-14 1.02141e-14 -7.06102e-14          1 -4.50751e-14 ]
[2.70894e-14 4.32987e-15 -1.25677e-13 -2.75335e-14 1.77081e-14 -1.14131e-13 -3.19744e-14          1 ]

