S=
[ -0.374851   0.248671   0.096808  -0.900229   0.513236 ]
[  0.248671   0.702539   0.678889  -0.662304  0.0872366 ]
[  0.096808   0.678889  -0.519835 -0.0434542  -0.570576 ]
[ -0.900229  -0.662304 -0.0434542  -0.710894  -0.175764 ]
[  0.513236  0.0872366  -0.570576  -0.175764  -0.746955 ]
D=
[  -1.68047 2.07858e-14  4.417e-20 -1.07852e-24 3.31216e-27 ]
[2.07586e-14   -1.22764 7.13445e-22 -6.45201e-27 -5.04871e-29 ]
[-1.04589e-17 -9.40895e-17  -0.556259 8.07795e-28 6.16298e-33 ]
[-5.04251e-18 -2.89944e-17 -3.01547e-17   0.406119 -1.92593e-34 ]
[-5.63781e-17 2.26174e-17 -9.57772e-18 -6.60133e-17    1.40826 ]
V=
[ -0.547506   0.223179  -0.454849   0.564638   0.353164 ]
[ -0.221413 -0.0307055   0.482299  -0.307636   0.789165 ]
[  0.371955   0.507075  -0.555822  -0.464363   0.282759 ]
[ -0.562591   0.591182    0.23455  -0.334653  -0.408644 ]
[   0.44312   0.585344   0.443336    0.50884  0.0745121 ]
Check that V^T*S*V = D: 
[  -1.68047 2.09277e-14 4.44089e-16 -4.996e-16 -4.16334e-16 ]
[2.09832e-14   -1.22764 1.11022e-16 -1.11022e-16 9.71445e-17 ]
[3.46945e-16 -2.77556e-17  -0.556259 -8.32667e-17 4.51028e-17 ]
[-3.88578e-16 -2.22045e-16 -1.249e-16   0.406119 -5.0307e-17 ]
[-2.70617e-16 5.55112e-17 7.63278e-17 4.16334e-17    1.40826 ]
Check that V*D*V^T = S: 
[ -0.374851   0.248671   0.096808  -0.900229   0.513236 ]
[  0.248671   0.702539   0.678889  -0.662304  0.0872366 ]
[  0.096808   0.678889  -0.519835 -0.0434542  -0.570576 ]
[ -0.900229  -0.662304 -0.0434542  -0.710894  -0.175764 ]
[  0.513236  0.0872366  -0.570576  -0.175764  -0.746955 ]
Check that V^T*V = 1: 
[         1 -1.66533e-16 -3.60822e-16 3.60822e-16 1.04083e-16 ]
[-1.66533e-16          1 -5.55112e-17 1.11022e-16 -1.38778e-16 ]
[-3.60822e-16 -5.55112e-17          1 3.88578e-16 -9.71445e-17 ]
[3.60822e-16 1.11022e-16 3.88578e-16          1 -2.08167e-17 ]
[1.04083e-16 -1.38778e-16 -9.71445e-17 -2.08167e-17          1 ]
