S=
[  0.951222  -0.479231   0.363171    0.39308  -0.146589 ]
[ -0.479231  -0.408659   0.948689   -0.24693   0.907215 ]
[  0.363171   0.948689   0.905363  -0.075943  -0.410584 ]
[   0.39308   -0.24693  -0.075943   0.750756   0.808722 ]
[ -0.146589   0.907215  -0.410584   0.808722   0.594433 ]
D=
[  -1.57957 5.39938e-21 2.71126e-29 2.53196e-29 -7.88861e-31 ]
[-5.69346e-17 -0.0662771 3.30281e-30 3.15541e-30 -1.92593e-34 ]
[-5.21608e-17 -1.04498e-16    1.38827 2.29201e-41 7.54184e-68 ]
[-1.72054e-16 7.01453e-17 2.21123e-16    1.40636          0 ]
[-1.33578e-17 8.80843e-17 1.1803e-16 4.01395e-17    1.64433 ]
V=
[  0.141435   -0.51091   0.790124  -0.305735 -0.0345986 ]
[  0.764202  -0.215681   -0.43623  -0.419675  0.0552504 ]
[ -0.381736   0.262558  -0.085441  -0.792285  -0.387717 ]
[   0.20331   0.649511   0.325387  -0.220401   0.618343 ]
[ -0.457092  -0.449057  -0.268757  -0.232609   0.680498 ]
Check that V^T*S*V = D: 
[  -1.57957 2.77556e-16 -2.22045e-16 -1.66533e-16 -1.66533e-16 ]
[1.47451e-16 -0.0662771 2.60209e-17 -4.42354e-17 -1.00614e-16 ]
[-2.22045e-16 2.77556e-17    1.38827 2.91434e-16 5.55112e-17 ]
[-1.94289e-16 -2.77556e-17 2.35922e-16    1.40636 3.33067e-16 ]
[         0          0 5.55112e-17 4.44089e-16    1.64433 ]
Check that V*D*V^T = S: 
[  0.951222  -0.479231   0.363171    0.39308  -0.146589 ]
[ -0.479231  -0.408659   0.948689   -0.24693   0.907215 ]
[  0.363171   0.948689   0.905363  -0.075943  -0.410584 ]
[   0.39308   -0.24693  -0.075943   0.750756   0.808722 ]
[ -0.146589   0.907215  -0.410584   0.808722   0.594433 ]
Check that V^T*V = 1: 
[         1          0 1.38778e-16 -6.93889e-17 5.55112e-17 ]
[         0          1 -6.93889e-17 1.38778e-17 -2.22045e-16 ]
[1.38778e-16 -6.93889e-17          1 -5.55112e-17          0 ]
[-6.93889e-17 1.38778e-17 -5.55112e-17          1 2.77556e-16 ]
[5.55112e-17 -2.22045e-16          0 2.77556e-16          1 ]
